15
20
9 9 4 3 9 9 9 9 9 9 9 9 9 9 9 9 9 9 9 10 
6 6 6 6 6 6 6 6 8 8 8 8 6 6 6 6 4 1 4 11 
6 6 6 6 6 6 6 6 8 8 8 8 6 6 6 6 0 0 0 11 
6 6 6 6 6 6 6 6 8 8 8 8 6 6 6 0 0 0 0 11 
6 6 6 6 6 6 6 6 8 8 8 8 6 6 6 0 0 0 0 11 
6 6 0 0 0 0 0 6 8 8 8 8 6 6 6 0 0 0 0 11 
6 0 0 0 0 0 0 11 8 8 8 8 11 0 0 0 0 0 0 11 
7 0 0 0 0 0 0 11 11 11 11 11 11 0 0 0 0 0 0 7 
7 0 0 0 0 0 0 0 0 0 0 0 0 0 0 0 0 0 0 7 
7 0 0 0 0 0 0 0 0 0 0 0 0 0 0 0 0 0 7 7 
7 0 0 0 0 0 0 11 11 11 11 11 11 0 0 0 0 0 7 7 
7 0 0 0 0 0 0 11 8 8 8 8 11 0 0 0 0 7 7 7 
7 7 7 0 0 0 0 0 8 8 8 8 0 0 0 0 0 7 7 7 
7 7 7 7 0 7 7 7 8 8 8 8 7 7 7 7 7 7 7 7 
7 7 7 2 2 2 7 7 8 8 8 8 7 7 7 7 7 7 7 7 
-1 -1 -1 -1 -1 -1 -1 -1 -1 -1 -1 -1 -1 -1 -1 -1 -1 -1 -1 -1 
-1 -1 -1 -1 -1 -1 -1 -1 -1 -1 -1 -1 -1 -1 -1 -1 -2 -2 -2 -1 
-1 -1 -1 -1 -1 -1 -1 -1 -1 -1 -1 -1 -1 -1 -1 -1 -2 -2 -2 -1 
-1 -1 -1 -1 -1 -1 -1 -1 -1 -1 -1 -1 -1 -1 -1 -2 -2 -2 -2 -1 
-1 -1 -1 -1 -1 -1 -1 -1 -1 -1 -1 -1 -1 -1 -1 -2 -2 -2 -2 -1 
-1 -1 -1 -1 -1 -1 -1 -1 -1 -1 -1 -1 -1 -1 -1 -2 -2 -2 -2 -1 
-1 -2 -2 -2 -2 -2 -2 -2 -1 -1 -1 -1 -2 -2 -2 -2 -2 -2 -2 -1 
-1 -2 -2 -2 -2 -2 -2 -2 -2 -2 -2 -2 -2 -2 -2 -2 -2 -2 -2 -1 
-1 -2 -2 -2 -2 -2 -2 -2 -2 -2 -2 -2 -2 -2 -2 -2 -2 -2 -2 -1 
-1 -2 -2 -2 -2 -2 -2 -2 -1 -1 -1 -1 -2 -2 -2 -2 -2 -2 -2 -1 
-1 -2 -2 -2 -2 -2 -2 -2 -1 -1 -1 -1 -2 -2 -2 -2 -2 -2 -2 -1 
-1 -2 -2 -2 -2 -2 -2 -2 -1 -1 -1 -1 -2 -2 -2 -2 -2 -2 -2 -1 
-1 -1 -1 -1 -2 -1 -1 -1 -1 -1 -1 -1 -1 -1 -1 -1 -1 -1 -1 -1 
-1 -1 -1 -1 -2 -1 -1 -1 -1 -1 -1 -1 -1 -1 -1 -1 -1 -1 -1 -1 
-1 -1 -1 -1 -1 -1 -1 -1 -1 -1 -1 -1 -1 -1 -1 -1 -1 -1 -1 -1 
5
50 30 2 1
70 35 2 1
90 40 2 2
110 45 2 2
130 50 2 2
90 1000 0 0
130 1200 0 0
220 1200 0 0
240 1300 0 0
250 1400 0 0
10
0 0
0 0
1 0
0 1
2 0
1 0
2 0
0 1
1 0
0 0
